DM_freq = [800,1200,1600,2000,2400,2800,"nodm"];
RMS_no_noise_1000 = [123,44.5,23.0,49.3,25.0,29.1,19.6]; %integrator gain = 0.5
RMS_ProxCen_1000 = [1374,1335,1320,1351,1321,1321,1284]; %integrator gain = 0.2
RMS_no_noise_1000_1delay = [17.3,12.4,11.6,12.2,11.2,10.9,15.2];