s.e = 0.93910 l.e = 0.93562 

rms_stroke = 0.30193 


s.e = 0.91892 l.e = 0.86901 

rms_stroke = 0.47877
