s.e = 0.93487 l.e = 0.93756 

rms_stroke = 0.21997 

s.e = 0.93942 l.e = 0.92851 

rms_stroke = 0.52971 
